[gd_scene load_steps=61 format=3 uid="uid://ceitmv68vaggj"]

[ext_resource type="Material" uid="uid://qwubr3rg6pgm" path="res://assets/materials/snow_falling.tres" id="1_6a1gd"]
[ext_resource type="VoxelGIData" uid="uid://dc6d5f712t31g" path="res://assets/VoxelGI-Data/SantaShop_Niels.VoxelGI-map_data.res" id="1_8tf0k"]
[ext_resource type="PackedScene" uid="uid://bwsq2exlij0tn" path="res://assets/scenes/Environmental/glitter_fog.tscn" id="2_a5osd"]
[ext_resource type="PackedScene" uid="uid://ehhmeed2vnyk" path="res://assets/meshes/Environment/SnowHigh-2.glb" id="3_4keet"]
[ext_resource type="PackedScene" uid="uid://bwjfxso0rka7u" path="res://assets/meshes/Environment/SnowHigh-4-col.glb" id="7_uljrr"]
[ext_resource type="PackedScene" uid="uid://uf5g1abnjfl5" path="res://assets/meshes/Environment/Decoration/Rope-1.glb" id="8_0h4kg"]
[ext_resource type="PackedScene" uid="uid://si757wnvnuw" path="res://assets/meshes/Environment/Decoration/Rope-2.glb" id="9_h58ao"]
[ext_resource type="PackedScene" uid="uid://cotqedi4mq2rs" path="res://scenes/player.tscn" id="12_3bagg"]
[ext_resource type="PackedScene" uid="uid://vpjmjbpjww2q" path="res://assets/meshes/Misc/Yeti-WarningSign-1.tscn" id="16_1cjdq"]
[ext_resource type="PackedScene" uid="uid://blny7d2mxqxwg" path="res://assets/meshes/Misc/StreetLantern-1.glb" id="19_4n3p1"]
[ext_resource type="Script" uid="uid://c0xopaj8p04ph" path="res://scripts/scenes/flickering_streetlight.gd" id="20_ynkcq"]
[ext_resource type="PackedScene" uid="uid://bpe7uo5td47p7" path="res://assets/meshes/Misc/PineTree-1.glb" id="21_4dun5"]
[ext_resource type="PackedScene" uid="uid://bxxankmgh5hfl" path="res://assets/meshes/Environment/SnowHigh-1-col.glb" id="22_h8udn"]
[ext_resource type="PackedScene" uid="uid://cklh0pte3sm2y" path="res://assets/scenes/Buildings/building_santas_workshop.tscn" id="27_iwwnf"]
[ext_resource type="PackedScene" uid="uid://8qin0wvv51wp" path="res://assets/meshes/Sled/Sled-1.glb" id="28_ipl6n"]
[ext_resource type="PackedScene" path="res://scenes/elements/Pavment-1.tscn" id="28_l2h6s"]
[ext_resource type="PackedScene" path="res://assets/meshes/Environment/Ground-SantaMap.tscn" id="28_xguq7"]
[ext_resource type="PackedScene" uid="uid://ctj1pr4680eus" path="res://assets/meshes/Characters/Elf-SizeCheck-1.glb" id="29_ipl6n"]
[ext_resource type="PackedScene" uid="uid://ctplqojdl2sbt" path="res://assets/meshes/Environment/IcePatches/Floor-IcePatch-2.tscn" id="32_8tf0k"]
[ext_resource type="PackedScene" uid="uid://cvxrtuu2m0i2w" path="res://assets/meshes/Misc/foot_step.tscn" id="32_iwwnf"]
[ext_resource type="PackedScene" uid="uid://d3r5tdaxn7kxi" path="res://assets/scenes/Characters/NPC/ginger_bread_man_walking_around.tscn" id="40_jhtxq"]
[ext_resource type="PackedScene" path="res://assets/meshes/Environment/IcePatches/IceSpikes-1.tscn" id="41_xguq7"]
[ext_resource type="PackedScene" uid="uid://55uyehy4lgeh" path="res://assets/meshes/Environment/IcePatches/Floor-IcePatch-1.glb" id="67_hph74"]
[ext_resource type="PackedScene" uid="uid://bpbi16h0l5bks" path="res://assets/scenes/Characters/Enemies/ginger_bread_man.tscn" id="67_qts4k"]
[ext_resource type="Script" uid="uid://27xr8j11a8al" path="res://classes/nodes/modules/DialogueInitiator.gd" id="67_sna10"]
[ext_resource type="PackedScene" uid="uid://chaq4m8cgusm1" path="res://assets/meshes/Environment/IcePatches/Floor-IcePatch-2.glb" id="67_urcp6"]
[ext_resource type="Script" uid="uid://c7ccd1128l7ea" path="res://addons/GodotDevTools/classes/nodes/modules/triggers/ActionPromptTrigger.gd" id="68_6a1gd"]
[ext_resource type="PackedScene" uid="uid://dem01mj4o0xaa" path="res://assets/meshes/Environment/IcePatches/Floor-Ice-1.glb" id="68_ad3co"]
[ext_resource type="PackedScene" uid="uid://dfnh5u5toi70c" path="res://assets/meshes/Environment/IcePatches/IceArch-1-col.glb" id="70_3kejl"]
[ext_resource type="PackedScene" uid="uid://cyn5bi6e0gs42" path="res://assets/meshes/Environment/SnowHigh-3.glb" id="72_3kejl"]
[ext_resource type="PackedScene" uid="uid://c0rpx2wuktd0h" path="res://assets/scenes/floors/floor-icepatch-1.tscn" id="73_x7rey"]
[ext_resource type="PackedScene" uid="uid://c8unih57mu5w1" path="res://assets/meshes/Environment/Trees/Tree-1.glb" id="74_ju5eo"]
[ext_resource type="PackedScene" path="res://scenes/elements/PileOfWood-1.tscn" id="75_6a1gd"]
[ext_resource type="PackedScene" uid="uid://2pbpl80r7ufi" path="res://assets/scenes/Walls/snow_high_4.tscn" id="78_vpjt7"]
[ext_resource type="Script" uid="uid://dytis7djokgek" path="res://classes/nodes/modules/StageLauncher.gd" id="80_nj3uu"]
[ext_resource type="Script" uid="uid://b7dvxli4hd1ni" path="res://addons/GodotDevTools/classes/nodes/modules/triggers/AreaTrigger.gd" id="81_mydgr"]
[ext_resource type="PackedScene" uid="uid://cft5l71757amh" path="res://assets/meshes/Environment/sign_operations_and_santasshop.tscn" id="82_mydgr"]
[ext_resource type="PackedScene" uid="uid://cotqsfdgwp8nq" path="res://assets/scenes/Characters/NPC/henkie.tscn" id="83_qts4k"]
[ext_resource type="AudioStream" uid="uid://cceofr7x5is3t" path="res://assets/sound/soundtrack/wind.wav" id="86_kvc07"]
[ext_resource type="Script" uid="uid://ubl2tl60pb8m" path="res://scripts/environment_audio.gd" id="87_wn5cl"]
[ext_resource type="AudioStream" uid="uid://c7m3i8ydt67cq" path="res://assets/sound/soundtrack/barn.wav" id="88_08g2m"]
[ext_resource type="AudioStream" uid="uid://ccuspj5jg5te" path="res://assets/sound/soundtrack/seagulls.wav" id="88_wn5cl"]
[ext_resource type="Script" uid="uid://26bliay7thhf" path="res://scripts/barn_soundmixer.gd" id="89_5q8tg"]
[ext_resource type="Script" uid="uid://mbvui4xgijps" path="res://scripts/environment_audio_3d.gd" id="89_nvrd0"]

[sub_resource type="ProceduralSkyMaterial" id="ProceduralSkyMaterial_0h4kg"]
sky_top_color = Color(0.00049372524, 0.0371885, 0.28080407, 1)
sky_horizon_color = Color(0.05461114, 0.83493805, 0.5045899, 1)
sky_curve = 0.038822234
sky_energy_multiplier = 0.5
sky_cover_modulate = Color(0, 0.29411766, 0, 1)
ground_horizon_color = Color(0, 0.41960785, 0.30980393, 1)
energy_multiplier = 1.2

[sub_resource type="Sky" id="Sky_h58ao"]
sky_material = SubResource("ProceduralSkyMaterial_0h4kg")

[sub_resource type="Environment" id="Environment_vk2yt"]
resource_local_to_scene = true
background_mode = 2
background_energy_multiplier = 1.21
sky = SubResource("Sky_h58ao")
ambient_light_source = 3
ambient_light_color = Color(0.0034168442, 0.087270536, 0.19660836, 1)
ambient_light_sky_contribution = 0.49
ambient_light_energy = 1.24
tonemap_mode = 2
ssr_enabled = true
glow_enabled = true
glow_normalized = true
glow_intensity = 0.56
glow_strength = 0.7
glow_bloom = 0.2
fog_light_color = Color(0.4434182, 0.5598078, 0.7060618, 1)
fog_light_energy = 0.36
fog_sky_affect = 0.02
fog_height = 0.2
fog_height_density = 5.0
volumetric_fog_enabled = true
volumetric_fog_density = 0.1
volumetric_fog_albedo = Color(0.7058824, 1, 1, 1)
volumetric_fog_emission = Color(0.5647059, 0.7137255, 0.70980394, 1)
volumetric_fog_emission_energy = 0.1
volumetric_fog_ambient_inject = 0.2
volumetric_fog_sky_affect = 0.586

[sub_resource type="CameraAttributesPractical" id="CameraAttributesPractical_0h4kg"]
dof_blur_far_distance = 60.31

[sub_resource type="Gradient" id="Gradient_nj3uu"]
offsets = PackedFloat32Array(0.29192546, 0.66770184)
colors = PackedColorArray(1, 1, 1, 1, 1, 1, 1, 0)

[sub_resource type="GradientTexture1D" id="GradientTexture1D_vpjt7"]
gradient = SubResource("Gradient_nj3uu")

[sub_resource type="Curve" id="Curve_x7rey"]
_data = [Vector2(0, 0), 0.0, 0.0, 0, 0, Vector2(0.46551722, 0.66138166), 0.0, 0.0, 0, 0, Vector2(0.81034476, 0.2491507), 0.0, 0.0, 0, 0]
point_count = 3

[sub_resource type="CurveTexture" id="CurveTexture_p1c80"]
curve = SubResource("Curve_x7rey")

[sub_resource type="ParticleProcessMaterial" id="ParticleProcessMaterial_vpjt7"]
emission_shape = 3
emission_box_extents = Vector3(4, 4, 5)
direction = Vector3(0, -1, 0)
initial_velocity_min = 0.099999994
initial_velocity_max = 1.0
gravity = Vector3(0, -5.5, 0)
radial_accel_min = -4.0000024
radial_accel_max = 3.9999976
tangential_accel_min = -8.000002
tangential_accel_max = 7.9999976
damping_max = 4.0
scale_min = 0.099999994
scale_max = 0.29999998
scale_curve = SubResource("CurveTexture_p1c80")
color_ramp = SubResource("GradientTexture1D_vpjt7")

[sub_resource type="QuadMesh" id="QuadMesh_p1c80"]
material = ExtResource("1_6a1gd")

[sub_resource type="BoxShape3D" id="BoxShape3D_x7rey"]
size = Vector3(5.1696777, 2.1611328, 1)

[sub_resource type="BoxShape3D" id="BoxShape3D_08g2m"]
size = Vector3(20.191895, 8.26709, 14.634827)

[sub_resource type="BoxShape3D" id="BoxShape3D_5q8tg"]
size = Vector3(5.894104, 5.9110107, 6.204109)

[sub_resource type="BoxShape3D" id="BoxShape3D_nj3uu"]
size = Vector3(1, 2.4068604, 1)

[sub_resource type="BoxShape3D" id="BoxShape3D_3bagg"]
size = Vector3(20.504883, 0.49658203, 19.720459)

[sub_resource type="BoxMesh" id="BoxMesh_3bagg"]

[node name="Map-SantasShop" type="Node3D"]

[node name="Environmental Setup" type="Node3D" parent="."]

[node name="VoxelGI-map" type="VoxelGI" parent="Environmental Setup"]
transform = Transform3D(1, 0, 0, 0, 1, 0, 0, 0, 1, 1.8007126, 40.053246, -20.725285)
size = Vector3(140.54826, 116.8463, 146.82292)
data = ExtResource("1_8tf0k")

[node name="WorldEnvironment" type="WorldEnvironment" parent="Environmental Setup"]
environment = SubResource("Environment_vk2yt")
camera_attributes = SubResource("CameraAttributesPractical_0h4kg")

[node name="DirectionalLight3D" type="DirectionalLight3D" parent="Environmental Setup/WorldEnvironment"]
transform = Transform3D(-0.16981284, -0.5752001, -0.8001928, -0.8492135, -0.32656536, 0.4149597, -0.50000006, 0.75, -0.43301266, 4.8888206, 24.743122, 11.761875)
light_energy = 0.1
shadow_enabled = true
shadow_opacity = 0.74
shadow_blur = 10.0
sky_mode = 1

[node name="Snow" type="GPUParticles3D" parent="Environmental Setup/WorldEnvironment"]
transform = Transform3D(15, 0, 0, 0, 7, 0, 0, 0, 15, 0, 0, 0)
amount = 8000
lifetime = 5.0
collision_base_size = 1.22
process_material = SubResource("ParticleProcessMaterial_vpjt7")
draw_pass_1 = SubResource("QuadMesh_p1c80")

[node name="Stars" parent="Environmental Setup/WorldEnvironment" instance=ExtResource("2_a5osd")]
transform = Transform3D(10, 0, 0, 0, 10, 0, 0, 0, 10, -8.211363, 81.59166, 18.892782)

[node name="StageLauncher" type="Node3D" parent="Environmental Setup"]
transform = Transform3D(1, 0, 0, 0, 1, 0, 0, 0, 1, 36.250183, 10.40283, -82.55981)
script = ExtResource("80_nj3uu")
stage_id = "yeti_chase_Niels"

[node name="AreaTrigger" type="Node3D" parent="Environmental Setup/StageLauncher"]
script = ExtResource("81_mydgr")
metadata/_custom_type_script = "uid://b7dvxli4hd1ni"

[node name="Area3D" type="Area3D" parent="Environmental Setup/StageLauncher/AreaTrigger"]
transform = Transform3D(0.9722435, 0, -0.23397143, 0, 1, 0, 0.23397143, 0, 0.9722435, 0, 0, 0)
collision_layer = 0
collision_mask = 8

[node name="CollisionShape3D" type="CollisionShape3D" parent="Environmental Setup/StageLauncher/AreaTrigger/Area3D"]
transform = Transform3D(1, 0, 0, 0, 1, 0, 0, 0, 1, 0, 0.6468897, 0)
shape = SubResource("BoxShape3D_x7rey")

[node name="DirectionalLight3D" type="DirectionalLight3D" parent="Environmental Setup"]
transform = Transform3D(1, 0, 0, 0, 1, 0, 0, 0, 1, -32.309628, 22.171686, -9.951937)
light_color = Color(1, 1, 0.7254902, 1)
light_energy = 0.766
light_indirect_energy = 3.498
light_volumetric_fog_energy = 0.454
shadow_enabled = true
sky_mode = 1

[node name="wind" type="AudioStreamPlayer" parent="Environmental Setup"]
unique_name_in_owner = true
stream = ExtResource("86_kvc07")
autoplay = true
script = ExtResource("87_wn5cl")

[node name="inside" type="AudioStreamPlayer" parent="Environmental Setup"]
stream = ExtResource("88_08g2m")
volume_db = -6.0
autoplay = true
script = ExtResource("87_wn5cl")

[node name="Area3D" type="Area3D" parent="Environmental Setup/inside"]
collision_layer = 0
collision_mask = 8
script = ExtResource("89_5q8tg")

[node name="CollisionShape3D" type="CollisionShape3D" parent="Environmental Setup/inside/Area3D"]
transform = Transform3D(1, 0, 0, 0, 1, 0, 0, 0, 1, 9.734131, 3.633545, 7.434662)
shape = SubResource("BoxShape3D_08g2m")

[node name="CollisionShape3D2" type="CollisionShape3D" parent="Environmental Setup/inside/Area3D"]
transform = Transform3D(1, 0, 0, 0, 1, 0, 0, 0, 1, 9.977142, 2.4555054, -2.871479)
shape = SubResource("BoxShape3D_5q8tg")

[node name="seagulls" type="AudioStreamPlayer3D" parent="Environmental Setup"]
transform = Transform3D(1, 0, 0, 0, 1, 0, 0, 0, 1, -3.2533731, 3.3960378, -23.492807)
stream = ExtResource("88_wn5cl")
autoplay = true
script = ExtResource("89_nvrd0")

[node name="Characters" type="Node3D" parent="."]

[node name="NPC" type="Node3D" parent="Characters"]

[node name="Henkie2" parent="Characters/NPC" instance=ExtResource("83_qts4k")]
transform = Transform3D(-0.21417975, 0, -0.56047034, 0, 0.59999996, 0, 0.56047034, 0, -0.21417975, 17.850023, 5.447607, 8.26919)

[node name="Marker3D" type="Marker3D" parent="Characters/NPC/Henkie2"]
transform = Transform3D(1.0000002, 0, -5.9604645e-08, 0, 1, 0, 5.9604645e-08, 0, 1.0000002, 0, 1.1731825, 0)

[node name="DialogInitiator" type="Node3D" parent="Characters/NPC/Henkie2/Marker3D"]
transform = Transform3D(0.6666666, 0, 0, 0, 0.66666675, 0, 0, 0, 0.6666666, 0, -0.29337406, 0)
script = ExtResource("67_sna10")
name_in_dialog = "henkie1"
dialog_file_name = "henkie1"
metadata/_custom_type_script = "uid://27xr8j11a8al"

[node name="_Node3D_100815" type="Node3D" parent="Characters/NPC/Henkie2/Marker3D/DialogInitiator"]
script = ExtResource("68_6a1gd")
prompt_prefix = "Talk to"
prompt_subject = "Henkie"

[node name="_Area3D_100816" type="Area3D" parent="Characters/NPC/Henkie2/Marker3D/DialogInitiator/_Node3D_100815"]
collision_layer = 2

[node name="_CollisionShape3D_100817" type="CollisionShape3D" parent="Characters/NPC/Henkie2/Marker3D/DialogInitiator/_Node3D_100815/_Area3D_100816"]
transform = Transform3D(1, 0, 0, 0, 1, 0, 0, 0, 1, 0, -0.022155762, 0)
shape = SubResource("BoxShape3D_nj3uu")

[node name="GingerBreadMan" parent="Characters/NPC" instance=ExtResource("67_qts4k")]
transform = Transform3D(1, 0, 0, 0, 1, 0, 0, 0, 1, 1.4956323, 0, -10.063209)

[node name="Enemies" type="Node3D" parent="Characters"]

[node name="player" parent="Characters" instance=ExtResource("12_3bagg")]
transform = Transform3D(0.8343382, 0, -0.5512529, 0, 1, 0, 0.5512529, 0, 0.8343382, 4.967539, 0.68869305, -11.238204)
step_height = 0.4

[node name="SnowHigh" type="Node" parent="."]

[node name="SnowHigh-2" parent="SnowHigh" instance=ExtResource("3_4keet")]
transform = Transform3D(1, 0, 0, 0, 1, 0, 0, 0, 1, 19.371952, 0, -15.854887)

[node name="Yeti-WarningSign" parent="SnowHigh" instance=ExtResource("16_1cjdq")]
transform = Transform3D(0.9788067, 0.20478648, 0, -0.20478648, 0.9788067, 0, 0, 0, 1, 32.715485, 3.687408, -58.29074)

[node name="floor" type="StaticBody3D" parent="."]
transform = Transform3D(5, 0, 0, 0, 5, 0, 0, 0, 5, 0, 0, 0)

[node name="CollisionShape3D" type="CollisionShape3D" parent="floor"]
transform = Transform3D(5, 0, 0, 0, 0.1, 0, 0, 0, 5, 0, -0.25170898, 0)
shape = SubResource("BoxShape3D_3bagg")

[node name="MeshInstance3D" type="MeshInstance3D" parent="floor/CollisionShape3D"]
transform = Transform3D(50, 0, 0, 0, 1, 0, 0, 0, 50, 0, 0, 0)
mesh = SubResource("BoxMesh_3bagg")

[node name="SnowHigh-4-col16" parent="floor/CollisionShape3D" instance=ExtResource("7_uljrr")]
transform = Transform3D(-0.04, 0, -5.364418e-09, 0, 2, 0, 5.364418e-09, 0, -0.04, 0.47999984, 0.51708984, -2.8799996)

[node name="SnowHigh-4-col15" parent="floor/CollisionShape3D" instance=ExtResource("7_uljrr")]
transform = Transform3D(0.04, 0, 6.556511e-09, 0, 2, 0, -6.556511e-09, 0, 0.04, 0.95999974, 14.51709, -2.9559996)

[node name="SnowHigh-4-col20" parent="floor/CollisionShape3D" instance=ExtResource("7_uljrr")]
transform = Transform3D(0.019999988, 0, 0.034641013, 0, 1.9999999, 0, -0.034641013, 0, 0.019999988, 1.8799996, 4.51709, -2.3999999)

[node name="SnowHigh-4-col21" parent="floor/CollisionShape3D" instance=ExtResource("7_uljrr")]
transform = Transform3D(0.019999988, 0, 0.034641013, 0, 1.9999999, 0, -0.034641013, 0, 0.019999988, 1.8799996, 4.51709, -2.6799998)

[node name="Rope-1" parent="floor/CollisionShape3D" instance=ExtResource("8_0h4kg")]
transform = Transform3D(0.01409131, 0, 0.037435744, 0, 2, 0, -0.037435744, 0, 0.01409131, 0.76306325, 3.1763184, -1.1875978)

[node name="Rope-5" parent="floor/CollisionShape3D" instance=ExtResource("8_0h4kg")]
transform = Transform3D(0.00851235, 0, 0.039083757, 0, 2, 0, -0.039083757, 0, 0.00851235, 0.95769477, 4.1293173, -1.5140306)

[node name="Rope-6" parent="floor/CollisionShape3D" instance=ExtResource("8_0h4kg")]
transform = Transform3D(0.026561229, 0, 0.029908216, 0, 2, 0, -0.029908216, 0, 0.026561229, 0.990871, 2.85622, -1.7616311)

[node name="Rope-2" parent="floor/CollisionShape3D" instance=ExtResource("8_0h4kg")]
transform = Transform3D(-0.0034862272, 0, 0.039847784, 0, 2, 0, -0.039847784, 0, -0.0034862272, 0.75199986, 3.1763184, -1.1199998)

[node name="Rope-3" parent="floor/CollisionShape3D" instance=ExtResource("9_h58ao")]
transform = Transform3D(0.039847784, 0, -0.003486229, 0, 2, 0, 0.003486229, 0, 0.039847784, 0.376, 3.5170898, -0.744)

[node name="Rope-4" parent="floor/CollisionShape3D" instance=ExtResource("8_0h4kg")]
transform = Transform3D(0, 0, 0.039999995, 0, 2, 0, -0.039999995, 0, 0, 0.34399998, 3.5170898, -0.7159999)

[node name="StreetLanterns" type="Node3D" parent="."]
transform = Transform3D(1, 0, 0, 0, 1, 0, 0, 0, 1, -2, 0, -4)

[node name="StreetLantern-1" parent="StreetLanterns" instance=ExtResource("19_4n3p1")]

[node name="OmniLight3D" type="OmniLight3D" parent="StreetLanterns/StreetLantern-1"]
transform = Transform3D(1, 0, 0, 0, 1, 0, 0, 0, 1, 0, 3, 0)
light_color = Color(1, 0.68235296, 0.09019608, 1)
script = ExtResource("20_ynkcq")

[node name="StreetLantern-2" parent="StreetLanterns" instance=ExtResource("19_4n3p1")]
transform = Transform3D(1, 0, 0, 0, 1, 0, 0, 0, 1, 6, 1, -11)

[node name="OmniLight3D" type="OmniLight3D" parent="StreetLanterns/StreetLantern-2"]
transform = Transform3D(1, 0, 0, 0, 1, 0, 0, 0, 1, 0, 3, 0)
light_color = Color(1, 0.68235296, 0.09019608, 1)
script = ExtResource("20_ynkcq")

[node name="StreetLantern-3" parent="StreetLanterns" instance=ExtResource("19_4n3p1")]
transform = Transform3D(0.99783605, -0.06575145, 0, 0.06575145, 0.99783605, 0, 0, 0, 1, 14.786993, -0.56916976, -16.989616)

[node name="OmniLight3D" type="OmniLight3D" parent="StreetLanterns/StreetLantern-3"]
transform = Transform3D(1, 0, 0, 0, 1, 0, 0, 0, 1, 0, 3, 0)
light_color = Color(1, 0.68235296, 0.09019608, 1)
script = ExtResource("20_ynkcq")

[node name="SnowHigh-1-col" parent="." instance=ExtResource("22_h8udn")]
transform = Transform3D(1, 0, 0, 0, 1, 0, 0, 0, 1, 16.395544, 0, -12.657028)

[node name="SnowHigh-1-col2" parent="." instance=ExtResource("22_h8udn")]
transform = Transform3D(0.9659258, 0.25881904, 0, -0.25881904, 0.9659258, 0, 0, 0, 1, 26.395544, -4, 5.342972)

[node name="Trees" type="Node3D" parent="."]

[node name="PineTree-1" parent="Trees" instance=ExtResource("21_4dun5")]
transform = Transform3D(0.5, 0, 0, 0, 0.5, 0, 0, 0, 0.5, -9.826675, 0.12684822, -11.3239)

[node name="PineTree-5" parent="Trees" instance=ExtResource("21_4dun5")]
transform = Transform3D(0.47921857, 0.14160815, -0.017224245, -0.14265181, 0.4757125, -0.057862412, 2.1671455e-10, 0.060371622, 0.49634188, -8.031676, 0.42892247, -12.356678)

[node name="PineTree-2" parent="Trees" instance=ExtResource("21_4dun5")]
transform = Transform3D(0.8, 0, 0, 0, 0.8, 0, 0, 0, 0.8, 27.763897, 0.044078827, -30.372372)

[node name="PineTree-4" parent="Trees" instance=ExtResource("21_4dun5")]
transform = Transform3D(0.6, 0, 0, 0, 0.6, 0, 0, 0, 0.6, 38.763897, 0.044078827, -39.37237)

[node name="PineTree-3" parent="Trees" instance=ExtResource("21_4dun5")]
transform = Transform3D(0.8, 0, 0, 0, 0.8, 0, 0, 0, 0.8, 27.763897, -0.15592118, -56.37237)

[node name="Tree-1" parent="Trees" instance=ExtResource("74_ju5eo")]
transform = Transform3D(0.49809736, -0.04357787, 0, 0.04357787, 0.49809736, 0, 0, 0, 0.5, 31, 0.59999996, -42)

[node name="Tree-2" parent="Trees" instance=ExtResource("74_ju5eo")]
transform = Transform3D(-0.1358031, -0.11802261, 0.46650633, 0.008726791, 0.48404425, 0.125, -0.4811251, 0.04209299, -0.12940952, 29, -2.9802322e-08, -54)

[node name="Tree-8" parent="Trees" instance=ExtResource("74_ju5eo")]
transform = Transform3D(-0.48112515, 0.04209298, -0.12940957, 0.0087267915, 0.4840443, 0.12500001, 0.13580313, 0.11802261, -0.46650633, 30, 0, -56)

[node name="Tree-3" parent="Trees" instance=ExtResource("74_ju5eo")]
transform = Transform3D(-0.1358031, -0.11802261, 0.46650633, 0.008726791, 0.48404425, 0.125, -0.4811251, 0.04209299, -0.12940952, 33, 1, -51)

[node name="Tree-4" parent="Trees" instance=ExtResource("74_ju5eo")]
transform = Transform3D(-0.13452576, -0.0753863, 0.47562563, 0.020529605, 0.49248874, 0.08386565, -0.4811251, 0.042092998, -0.12940954, 26.9, -1, -51)

[node name="Tree-9" parent="Trees" instance=ExtResource("74_ju5eo")]
transform = Transform3D(-0.26905158, -0.15077259, 0.9512512, 0.04105921, 0.9849773, 0.16773133, -0.9622501, 0.084186, -0.2588191, 24.25627, -1, -58.760605)

[node name="Tree-10" parent="Trees" instance=ExtResource("74_ju5eo")]
transform = Transform3D(-0.21524127, -0.12061808, 0.761001, 0.03284737, 0.78798187, 0.13418508, -0.7698001, 0.0673488, -0.20705529, 24.25627, -1, -54.19741)

[node name="Tree-11" parent="Trees" instance=ExtResource("74_ju5eo")]
transform = Transform3D(-0.21524127, -0.12061808, 0.761001, 0.03284737, 0.78798187, 0.13418508, -0.7698001, 0.0673488, -0.20705529, 21.786942, -1, -56.371986)

[node name="Tree-12" parent="Trees" instance=ExtResource("74_ju5eo")]
transform = Transform3D(-0.21524127, -0.12061808, 0.761001, 0.03284737, 0.78798187, 0.13418508, -0.7698001, 0.0673488, -0.20705529, 26.32973, -1, -52.717648)

[node name="Tree-13" parent="Trees" instance=ExtResource("74_ju5eo")]
transform = Transform3D(-0.3228619, -0.18092713, 1.1415015, 0.04927106, 1.1819729, 0.20127763, -1.1547002, 0.10102322, -0.31058294, 22.182213, -1, -50.399857)

[node name="Tree-16" parent="Trees" instance=ExtResource("74_ju5eo")]
transform = Transform3D(-0.3228619, -0.18092713, 1.1415015, 0.04927106, 1.1819729, 0.20127763, -1.1547002, 0.10102322, -0.31058294, 18.81624, -1, -59.53415)

[node name="Tree-17" parent="Trees" instance=ExtResource("74_ju5eo")]
transform = Transform3D(-0.3228619, -0.18092713, 1.1415015, 0.04927106, 1.1819729, 0.20127763, -1.1547002, 0.10102322, -0.31058294, 14.15377, -1, -62.449425)

[node name="Tree-18" parent="Trees" instance=ExtResource("74_ju5eo")]
transform = Transform3D(-0.3228619, -0.18092713, 1.1415015, 0.04927106, 1.1819729, 0.20127763, -1.1547002, 0.10102322, -0.31058294, 14.15377, -1, -54.613163)

[node name="Tree-19" parent="Trees" instance=ExtResource("74_ju5eo")]
transform = Transform3D(-0.3228619, -0.18092713, 1.1415015, 0.04927106, 1.1819729, 0.20127763, -1.1547002, 0.10102322, -0.31058294, 18.915123, -1, -50.787437)

[node name="Tree-20" parent="Trees" instance=ExtResource("74_ju5eo")]
transform = Transform3D(-0.21524127, -0.12061808, 0.761001, 0.03284737, 0.78798187, 0.13418508, -0.7698001, 0.06734881, -0.20705529, 14.68545, -1, -50.787437)

[node name="Tree-21" parent="Trees" instance=ExtResource("74_ju5eo")]
transform = Transform3D(-0.21524127, -0.12061808, 0.761001, 0.03284737, 0.78798187, 0.13418508, -0.7698001, 0.06734881, -0.20705529, 16.228867, -1, -46.846443)

[node name="Tree-22" parent="Trees" instance=ExtResource("74_ju5eo")]
transform = Transform3D(0.79678255, -0.042981863, 0.05735886, 0.03284738, 0.78798187, 0.13418506, -0.06370659, -0.1312903, 0.7865776, 11.725754, -1, -46.846443)

[node name="Tree-23" parent="Trees" instance=ExtResource("74_ju5eo")]
transform = Transform3D(0.79678255, -0.042981863, 0.05735886, 0.03284738, 0.78798187, 0.13418506, -0.06370659, -0.1312903, 0.7865776, 14.265041, -1, -45.533577)

[node name="Tree-14" parent="Trees" instance=ExtResource("74_ju5eo")]
transform = Transform3D(0.7088275, -0.090786085, 0.35961276, 0.03284738, 0.78798187, 0.13418506, -0.36943808, -0.10412717, 0.7019067, 22.182213, -1, -46.64351)

[node name="Tree-15" parent="Trees" instance=ExtResource("74_ju5eo")]
transform = Transform3D(0.7088275, -0.090786085, 0.35961276, 0.03284738, 0.78798187, 0.13418506, -0.36943808, -0.10412717, 0.7019067, 24.569464, -1, -49.775303)

[node name="Tree-5" parent="Trees" instance=ExtResource("74_ju5eo")]
transform = Transform3D(-0.26905158, -0.15077259, 0.9512512, 0.04105921, 0.9849773, 0.16773133, -0.9622501, 0.084186, -0.2588191, 31.9, 0.1, -47)

[node name="Tree-6" parent="Trees" instance=ExtResource("74_ju5eo")]
transform = Transform3D(-0.26905158, -0.15077259, 0.9512512, 0.04105921, 0.9849773, 0.16773133, -0.9622501, 0.084186, -0.2588191, 20, 0.1, -42.8)

[node name="Tree-7" parent="Trees" instance=ExtResource("74_ju5eo")]
transform = Transform3D(-0.26905158, -0.15077259, 0.9512512, -0.2093885, 0.97320396, 0.09502869, -0.9400891, -0.17361346, -0.29341212, 29, 0.1, -39.8)

[node name="SteppingStones" type="Node3D" parent="."]

[node name="Pavment-1" parent="SteppingStones" instance=ExtResource("28_l2h6s")]
transform = Transform3D(1, 0, 0, 0, 1, 0, 0, 0, 1, -1.3004601, -0.037228405, 5.020249)

[node name="Pavment-2" parent="SteppingStones" instance=ExtResource("28_l2h6s")]
transform = Transform3D(0.9890545, 0, 0.14755048, 0, 1, 0, -0.14755048, 0, 0.9890545, -1.6456789, -0.011367857, 6.3330684)

[node name="Pavment-4" parent="SteppingStones" instance=ExtResource("28_l2h6s")]
transform = Transform3D(1, 0, 0, 0, 1, 0, 0, 0, 1, -1.3004601, -0.09423822, 8.835969)

[node name="Pavment-6" parent="SteppingStones" instance=ExtResource("28_l2h6s")]
transform = Transform3D(0.99683183, 0, -0.07953782, 0, 1, 0, 0.07953782, 0, 0.99683183, -2.660484, -0.1008811, 5.513616)

[node name="Pavment-7" parent="SteppingStones" instance=ExtResource("28_l2h6s")]
transform = Transform3D(1, 0, 0, 0, 1, 0, 0, 0, 1, -2.3517559, -0.00018566847, 7.5791464)

[node name="Pavment-8" parent="SteppingStones" instance=ExtResource("28_l2h6s")]
transform = Transform3D(1, 0, 0, 0, 1, 0, 0, 0, 1, -2.3517559, -0.12421918, 8.835969)

[node name="Pavment-10" parent="SteppingStones" instance=ExtResource("28_l2h6s")]
transform = Transform3D(0.99713916, 0, -0.075587854, 0.008655089, 0.9934228, 0.11417612, 0.0750907, -0.1145037, 0.9905808, -3.6032088, -0.036931634, 6.3330684)

[node name="Pavment-11" parent="SteppingStones" instance=ExtResource("28_l2h6s")]
transform = Transform3D(1, 0, 0, 0, 1, 0, 0, 0, 1, -3.63251, -0.07128459, 7.8494143)

[node name="Pavment-13" parent="SteppingStones" instance=ExtResource("28_l2h6s")]
transform = Transform3D(1, 0, 0, 0, 1, 0, 0, 0, 1, -4.4716835, -0.019502878, 5.020249)

[node name="Pavment-14" parent="SteppingStones" instance=ExtResource("28_l2h6s")]
transform = Transform3D(0.034794893, 0, -0.9993945, 0, 1, 0, 0.9993945, 0, 0.034794893, -4.4716835, -0.02763012, 1.3120096)

[node name="Pavment-15" parent="SteppingStones" instance=ExtResource("28_l2h6s")]
transform = Transform3D(-0.7143505, 0, -0.6997881, 0, 1, 0, 0.6997881, 0, -0.7143505, -2.3720467, -0.046820164, -1.6374223)

[node name="Elf-SizeCheck-1" parent="." instance=ExtResource("29_ipl6n")]
transform = Transform3D(0.018493906, 0, -0.39957222, 0, 0.4, 0, 0.39957222, 0, 0.018493906, -3.1745718, 0.2001754, 1.8800335)

[node name="Sled-1" parent="." instance=ExtResource("28_ipl6n")]
transform = Transform3D(0.8, 0, 0, 0, 0.8, 0, 0, 0, 0.8, 9.398246, -0.019072056, 6.4615192)

[node name="World" type="Node3D" parent="."]

[node name="Ground (level 0)" type="Node3D" parent="World"]

[node name="Ice-SnowPatches" type="Node3D" parent="World/Ground (level 0)"]

[node name="Floor-IcePatch-4" parent="World/Ground (level 0)/Ice-SnowPatches" instance=ExtResource("67_hph74")]
transform = Transform3D(0.8660254, 0, -0.5, 0, 1, 0, 0.5, 0, 0.8660254, 18, 0, -18)

[node name="Floor-IcePatch-5" parent="World/Ground (level 0)/Ice-SnowPatches" instance=ExtResource("67_hph74")]
transform = Transform3D(-0.7894056, 0, 0.61387193, 0, 1, 0, -0.61387193, 0, -0.7894056, 13, -0.2, -21)

[node name="Floor-IcePatch-37" parent="World/Ground (level 0)/Ice-SnowPatches" instance=ExtResource("67_hph74")]
transform = Transform3D(-0.68033725, 0, -0.7328992, 0, 1, 0, 0.7328992, 0, -0.68033725, 40.5, 9.6, -77.4)

[node name="Floor-IcePatch-6" parent="World/Ground (level 0)/Ice-SnowPatches" instance=ExtResource("67_hph74")]
transform = Transform3D(-0.7894056, 0, 0.61387193, 0.07478026, 0.9925525, 0.09616332, -0.60930014, 0.12181737, -0.7835265, 17, -0.05854483, -24)

[node name="Floor-IcePatch-41" parent="World/Ground (level 0)/Ice-SnowPatches" instance=ExtResource("67_hph74")]
transform = Transform3D(-1.5788112, -2.9802322e-08, 1.2277439, 0.39965355, 1.8910712, 0.5139325, -1.1608756, 0.65103734, -1.4928222, 37.2, 6.865098, -69)

[node name="Floor-IcePatch-42" parent="World/Ground (level 0)/Ice-SnowPatches" instance=ExtResource("67_hph74")]
transform = Transform3D(-1.5788112, -2.9802322e-08, 1.2277439, 0.39965355, 1.8910712, 0.5139325, -1.1608756, 0.65103734, -1.4928222, 37.2, 3.865098, -61)

[node name="Floor-IcePatch-43" parent="World/Ground (level 0)/Ice-SnowPatches" instance=ExtResource("67_hph74")]
transform = Transform3D(-1.5788112, -2.9802322e-08, 1.2277439, 0.39965355, 1.8910712, 0.5139325, -1.1608756, 0.65103734, -1.4928222, 37.2, -0.134902, -50)

[node name="Floor-IcePatch-44" parent="World/Ground (level 0)/Ice-SnowPatches" instance=ExtResource("67_hph74")]
transform = Transform3D(0.7126931, -0.6288538, 1.759719, 0.3996536, 1.8910712, 0.5139325, -1.8254712, 0.16850083, 0.79953873, 30.2, -0.134902, -54)

[node name="Floor-IcePatch-45" parent="World/Ground (level 0)/Ice-SnowPatches" instance=ExtResource("67_hph74")]
transform = Transform3D(0.7082322, -0.11784375, 1.866687, -0.110476166, 1.989906, 0.16753769, -1.8671371, -0.16244017, 0.6981484, 30.2, -0.134902, -43)

[node name="Floor-IcePatch-56" parent="World/Ground (level 0)/Ice-SnowPatches" instance=ExtResource("67_hph74")]
transform = Transform3D(0.7082322, -0.11784375, 1.866687, -0.110476166, 1.989906, 0.16753769, -1.8671371, -0.16244017, 0.6981484, 21.2, -0.134902, -40)

[node name="Floor-IcePatch-47" parent="World/Ground (level 0)/Ice-SnowPatches" instance=ExtResource("67_hph74")]
transform = Transform3D(0.99844074, 0.055821504, 0, -0.05562573, 0.9949391, 0.08367784, 0.004671023, -0.08354737, 0.99649286, 28.2, -0.23490202, -38)

[node name="Floor-IcePatch-48" parent="World/Ground (level 0)/Ice-SnowPatches" instance=ExtResource("67_hph74")]
transform = Transform3D(0.99844074, 0.055821504, 0, -0.05562573, 0.9949391, 0.08367784, 0.004671023, -0.08354737, 0.99649286, 35.600002, 1.765098, -57)

[node name="Floor-IcePatch-49" parent="World/Ground (level 0)/Ice-SnowPatches" instance=ExtResource("67_hph74")]
transform = Transform3D(0.9984407, 0.16746452, -1.5411833e-10, -0.048245117, 2.5887816, -0.50302, -0.02807933, 1.5067067, 0.86427474, 31.600002, 1.365098, -60)

[node name="Floor-IcePatch-54" parent="World/Ground (level 0)/Ice-SnowPatches" instance=ExtResource("67_hph74")]
transform = Transform3D(0.6392583, 0.3344037, -0.76087004, -0.10471445, 2.97852, 0.057473794, 0.76182896, 0.12880042, 0.6463538, 31.100002, 5.365098, -68)

[node name="Floor-IcePatch-46" parent="World/Ground (level 0)/Ice-SnowPatches" instance=ExtResource("67_hph74")]
transform = Transform3D(0.7082322, -0.11784375, 1.866687, -0.110476166, 1.989906, 0.16753769, -1.8671371, -0.16244017, 0.6981484, 25.2, -0.134902, -31)

[node name="Floor-IcePatch-33" parent="World/Ground (level 0)/Ice-SnowPatches" instance=ExtResource("67_hph74")]
transform = Transform3D(-0.32237324, -0.13095313, -0.93751097, -0.2843592, 0.95804024, -0.03604061, 0.9028927, 0.25497133, -0.34608427, 21.366474, 0.46499807, -25)

[node name="Floor-IcePatch-50" parent="World/Ground (level 0)/Ice-SnowPatches" instance=ExtResource("67_hph74")]
transform = Transform3D(-0.3223734, -0.13095313, -0.9375109, -0.2843592, 0.9580401, -0.03604067, 0.90289265, 0.25497127, -0.34608433, 38.266476, 8.864998, -74.6)

[node name="Floor-IcePatch-52" parent="World/Ground (level 0)/Ice-SnowPatches" instance=ExtResource("67_hph74")]
transform = Transform3D(-0.3223734, -0.13095313, -0.9375109, -0.2843592, 0.9580401, -0.03604067, 0.90289265, 0.25497127, -0.34608433, 29.266476, 7.364998, -71.6)

[node name="Floor-IcePatch-53" parent="World/Ground (level 0)/Ice-SnowPatches" instance=ExtResource("67_hph74")]
transform = Transform3D(-0.3223734, -0.13095313, -0.9375109, -0.2843592, 0.9580401, -0.03604067, 0.90289265, 0.25497127, -0.34608433, 29.266476, 4.364998, -64.6)

[node name="Floor-IcePatch-30" parent="World/Ground (level 0)/Ice-SnowPatches" instance=ExtResource("67_hph74")]
transform = Transform3D(-0.7894056, 0, 0.61387193, 0.07478026, 0.9925525, 0.09616332, -0.60930014, 0.12181737, -0.7835265, 21, -0.05854483, -21)

[node name="Floor-IcePatch-29" parent="World/Ground (level 0)/Ice-SnowPatches" instance=ExtResource("67_hph74")]
transform = Transform3D(1, 0, 0, 0, 1, 0, 0, 0, 0.99999994, 1, -0.37484246, -4.3)

[node name="Floor-IcePatch-32" parent="World/Ground (level 0)/Ice-SnowPatches" instance=ExtResource("67_hph74")]
transform = Transform3D(1, 0, 0, 0, 1, 0, 0, 0, 0.99999994, 4.929147, -0.37484246, -0.4750495)

[node name="Floor-IcePatch-35" parent="World/Ground (level 0)/Ice-SnowPatches" instance=ExtResource("67_hph74")]
transform = Transform3D(1, 0, 0, 0, 1, 0, 0, 0, 0.99999994, 5.2324033, -0.37484246, -4.4735727)

[node name="Floor-IcePatch-36" parent="World/Ground (level 0)/Ice-SnowPatches" instance=ExtResource("67_hph74")]
transform = Transform3D(1, 0, 0, 0, 1, 0, 0, 0, 0.99999994, 8.890106, -0.37484246, -6.7316833)

[node name="Floor-IcePatch-34" parent="World/Ground (level 0)/Ice-SnowPatches" instance=ExtResource("67_hph74")]
transform = Transform3D(1, 0, 0, 0, 1, 0, 0, 0, 0.99999994, 0.68602467, -0.37484246, -0.4750495)

[node name="Floor-IcePatch-38" parent="World/Ground (level 0)/Ice-SnowPatches" instance=ExtResource("67_hph74")]
transform = Transform3D(1, 0, 0, 0, 1, 0, 0, 0, 0.99999994, -3.957431, -0.37484246, 3.4179072)

[node name="Floor-IcePatch-40" parent="World/Ground (level 0)/Ice-SnowPatches" instance=ExtResource("67_hph74")]
transform = Transform3D(1, 0, 0, 0, 1, 0, 0, 0, 0.99999994, -3.9100099, -0.37484246, 7.086846)

[node name="Floor-IcePatch-51" parent="World/Ground (level 0)/Ice-SnowPatches" instance=ExtResource("67_hph74")]
transform = Transform3D(1, 0, 0, 0, 1, 0, 0, 0, 0.99999994, -3.879879, -0.37484246, 11.41531)

[node name="Floor-IcePatch-59" parent="World/Ground (level 0)/Ice-SnowPatches" instance=ExtResource("67_hph74")]
transform = Transform3D(1, 0, 0, 0, 1, 0, 0, 0, 0.99999994, -5.627665, -0.37484246, 11.41531)

[node name="Floor-IcePatch-74" parent="World/Ground (level 0)/Ice-SnowPatches" instance=ExtResource("67_hph74")]
transform = Transform3D(1, 0, 0, 0, 1, 0, 0, 0, 0.99999994, -4.9702835, -0.37484246, 7.9172964)

[node name="Floor-IcePatch-75" parent="World/Ground (level 0)/Ice-SnowPatches" instance=ExtResource("67_hph74")]
transform = Transform3D(1, 0, 0, 0, 1, 0, 0, 0, 0.99999994, -4.9944334, -0.37484246, 4.0607953)

[node name="Floor-IcePatch-76" parent="World/Ground (level 0)/Ice-SnowPatches" instance=ExtResource("67_hph74")]
transform = Transform3D(1, 0, 0, 0, 1, 0, 0, 0, 0.99999994, -4.9944334, -0.37484246, 0.20590425)

[node name="Floor-IcePatch-77" parent="World/Ground (level 0)/Ice-SnowPatches" instance=ExtResource("67_hph74")]
transform = Transform3D(1, 0, 0, 0, 1, 0, 0, 0, 0.99999994, -4.9944334, -0.37484246, -3.2744153)

[node name="Floor-IcePatch-78" parent="World/Ground (level 0)/Ice-SnowPatches" instance=ExtResource("67_hph74")]
transform = Transform3D(1, 0, 0, 0, 1, 0, 0, 0, 0.99999994, -9.2796135, -0.37484246, -3.2744153)

[node name="Floor-IcePatch-79" parent="World/Ground (level 0)/Ice-SnowPatches" instance=ExtResource("67_hph74")]
transform = Transform3D(1, 0, 0, 0, 1, 0, 0, 0, 0.99999994, -9.2796135, -0.37484246, 0.698781)

[node name="Floor-IcePatch-80" parent="World/Ground (level 0)/Ice-SnowPatches" instance=ExtResource("67_hph74")]
transform = Transform3D(1, 0, 0, 0, 1, 0, 0, 0, 0.99999994, -9.2796135, -0.37484246, 4.6132865)

[node name="Floor-IcePatch-81" parent="World/Ground (level 0)/Ice-SnowPatches" instance=ExtResource("67_hph74")]
transform = Transform3D(1, 0, 0, 0, 1, 0, 0, 0, 0.99999994, -9.2796135, -0.37484246, 8.193439)

[node name="Floor-IcePatch-11" parent="World/Ground (level 0)/Ice-SnowPatches" instance=ExtResource("67_hph74")]
transform = Transform3D(0.6498196, 0, -0.76008844, 0, 1, 0, 0.76008844, 0, 0.6498196, 13, -0.37484246, -2)

[node name="Floor-IcePatch-12" parent="World/Ground (level 0)/Ice-SnowPatches" instance=ExtResource("67_hph74")]
transform = Transform3D(0.6498196, 0, -0.76008844, 0, 1, 0, 0.76008844, 0, 0.6498196, 17, -0.37484246, -2)

[node name="Floor-IcePatch-16" parent="World/Ground (level 0)/Ice-SnowPatches" instance=ExtResource("67_hph74")]
transform = Transform3D(0.6498196, 0, -0.76008844, 0, 1, 0, 0.76008844, 0, 0.6498196, 20, -0.37484246, 3)

[node name="Floor-IcePatch-17" parent="World/Ground (level 0)/Ice-SnowPatches" instance=ExtResource("67_hph74")]
transform = Transform3D(-0.94480026, 0, -0.32764673, 0, 1, 0, 0.32764673, 0, -0.94480026, 20, -0.37484246, 7)

[node name="Floor-IcePatch-18" parent="World/Ground (level 0)/Ice-SnowPatches" instance=ExtResource("67_hph74")]
transform = Transform3D(-0.18864968, 0, -0.98204446, 0, 1, 0, 0.98204446, 0, -0.18864968, 20, -0.37484246, 12)

[node name="Floor-IcePatch-19" parent="World/Ground (level 0)/Ice-SnowPatches" instance=ExtResource("67_hph74")]
transform = Transform3D(-0.18864968, 0, -0.98204446, 0, 1, 0, 0.98204446, 0, -0.18864968, 16, -0.37484246, 14)

[node name="Floor-IcePatch-20" parent="World/Ground (level 0)/Ice-SnowPatches" instance=ExtResource("67_hph74")]
transform = Transform3D(-0.9974083, 0, -0.07195024, 0, 1, 0, 0.07195024, 0, -0.9974083, 11, -0.37484246, 14)

[node name="Floor-IcePatch-21" parent="World/Ground (level 0)/Ice-SnowPatches" instance=ExtResource("67_hph74")]
transform = Transform3D(-0.9974083, 0, -0.07195024, 0, 1, 0, 0.07195024, 0, -0.9974083, 6, -0.37484246, 14)

[node name="Floor-IcePatch-68" parent="World/Ground (level 0)/Ice-SnowPatches" instance=ExtResource("67_hph74")]
transform = Transform3D(-0.3961063, 0, -0.91820467, 0, 1, 0, 0.91820467, 0, -0.3961063, 6, -0.37484246, 19.177006)

[node name="Floor-IcePatch-22" parent="World/Ground (level 0)/Ice-SnowPatches" instance=ExtResource("67_hph74")]
transform = Transform3D(0.75615066, 0, -0.65439767, 0, 1, 0, 0.65439767, 0, 0.75615066, -1.0333419, -0.37484246, 14)

[node name="Floor-IcePatch-13" parent="World/Ground (level 0)/Ice-SnowPatches" instance=ExtResource("67_hph74")]
transform = Transform3D(0.6498196, 0, -0.76008844, 0, 1, 0, 0.76008844, 0, 0.6498196, 15, -0.37484246, -6)

[node name="Floor-IcePatch-14" parent="World/Ground (level 0)/Ice-SnowPatches" instance=ExtResource("67_hph74")]
transform = Transform3D(0.6498196, 0, -0.76008844, 0, 1, 0, 0.76008844, 0, 0.6498196, 16, -0.37484246, -11.4)

[node name="Floor-IcePatch-15" parent="World/Ground (level 0)/Ice-SnowPatches" instance=ExtResource("67_hph74")]
transform = Transform3D(0.33116415, -0.11422627, 0.93663365, 0.038076874, 0.99345475, 0.107693054, -0.9428045, -2.220446e-16, 0.33334598, 19, -0.17484246, -8.4)

[node name="Floor-IcePatch-39" parent="World/Ground (level 0)/Ice-SnowPatches" instance=ExtResource("67_hph74")]
transform = Transform3D(0.33116415, -0.11422627, 0.93663365, 0.038076874, 0.99345475, 0.107693054, -0.9428045, -2.220446e-16, 0.33334598, 19, -0.17484246, -12.4)

